0
4
0.611111
2.22222
0.295552
0.934607
0.145436
0.445668
1.69312
0.759465
0.0721516
0.218721
1.10975
0.36763
0.523707
0.0359364
0.108367
0.181364
0.256078
0.330311
0.679842
0.404949
0.0179336
0.0539391
0.0900841
0.12665
0.163086
0.199642
0.482661
0.236925
0.275232
0.839088
0.564752
0.00895818
0.026909
0.0448944
0.0629839
0.08104
0.0991283
0.117393
0.135906
0.312349
0.154115
0.172056
0.348273
0.190317
0.208968
0.00447694
0.0134394
0.0224105
0.0314075
0.040396
0.0493928
0.0584332
0.0675346
0.0765593
0.0855206
0.0945604
0.227601
0.103696
0.112825
0.246249
0.121961
0.131213
0.385517
0.140599
0.00223793
0.00671595
0.0111961
0.0156827
0.0201672
0.0246538
0.0291512
0.0336638
0.0381571
0.0426349
0.265383
0.0471323
0.0516534
0.149706
0.0561726
0.0606937
0.0652433
0.158524
0.0698258
0.0743379
0.0787807
0.0832603
0.16749
0.0877809
0.285081
0.0923001
0.176622
0.0968207
0.101387
0.106005
0.00111883
0.00335703
0.00559577
0.00783612
0.0100759
0.0123163
0.0145593
0.0168061
0.0190481
0.0212863
0.0235293
0.0257783
0.0280267
0.0302757
0.0325317
0.0347958
0.424381
0.0370423
0.0392718
0.0415105
0.0437594
0.11057
0.0460078
0.0482567
0.115081
0.050517
0.0527898
0.0550493
0.057296
0.185751
0.0595562
0.119648
0.0618312
0.0641058
0.124274
0.0663808
0.0686718
0.0709799
0.194882
0.000559383
0.00167828
0.00279732
0.00391675
0.00503606
0.00615549
0.0072756
0.00839665
0.00951649
0.0106354
0.0117555
0.0128771
0.0139985
0.0151201
0.0162435
0.0173688
0.0184898
0.0196065
0.0732362
0.0207255
0.0218471
0.0229686
0.0754396
0.1289
0.0240901
0.0252145
0.0263421
0.0274662
0.0285873
0.0297117
0.0776608
0.0308397
0.0319677
0.0330957
0.0799007
0.0342277
0.0353639
0.133526
0.0364872
0.0375974
0.0387121
0.0398315
0.0821404
0.0409508
0.0420702
0.0843802
0.0431946
0.0443242
0.0454484
0.0465672
0.0866403
0.0476916
0.0488218
0.0889216
0.138218
0.0499519
0.0510821
0.000279683
