-3.81745e-08
-5.54203e-08
-2.80963e-09
-0.994621
-0.455883
-0.0990418
-0.0389818
-0.888969
-6.27922e-05
-1.9815e-06
-0.0826007
-1.31992e-05
-0.0747995
-1.46782
-0.679775
-5.28787e-08
-0.468183
-0.0770185
-0.0071589
-0.124952
-0.848094
-0.00371291
-0.137877
-8.69012e-05
-0.0120284
-0.141958
-0.00151685
-0.462527
-0.966875
-0.00383551
-1.69481e-05
-2.22241e-05
-0.00824216
-0.0802003
-0.81762
-0.00747379
-0.499177
-0.0079114
-2.88639e-09
-0.0172341
-0.00179001
-0.000279998
-0.0201211
-0.248262
-0.598309
-0.0317066
-0.00140485
-0.00294848
-0.000832244
-0.00061594
-0.0121689
-0.624088
-0.102386
-0.0152257
-0.162623
-0.00299316
-0.000512606
-0.105195
-0.185536
-0.0216161
-0.000423161
-0.00841764
-0.000129943
-0.000347661
-0.377047
-3.23693e-07
-0.0037667
-0.000150376
-0.00357473
-0.278005
-0.0374472
-0.00024827
-0.0148808
-0.000353475
-7.67746e-05
-0.335564
-4.41498e-06
-0.510233
-0.00178662
-0.0511391
-0.25727
-3.48596e-05
-0.0112058
-0.154295
-2.0145e-05
-0.000332256
-0.000340316
-0.202413
-0.184617
-0.286829
-0.325911
-0.00490073
-0.607269
-6.20304e-07
-2.07813e-06
-0.00342641
-0.0826331
-0.00656711
-0.000607477
-0.612345
-5.31441e-05
-0.00746745
-0.205183
-0.00562953
-0.0143306
-0.366764
-0.773519
-0.884984
-0.222393
-3.04058e-05
-0.209278
-0.167214
-0.16974
-0.0479603
-1.6322e-05
-0.0228161
-2.27753e-05
-0.0157022
-1.56091e-07
-0.0378874
-0.00603736
-0.0250288
-0.000207609
-0.100746
-0.00267915
-0.78846
-0.183157
-0.00920894
-0.00197191
-0.000198831
-0.00738162
-0.000241114
-0.753753
-0.681719
-0.782151
-5.03299e-05
-0.595137
-0.00387599
-1.76713e-11
-0.00337994
-1.05447e-05
-0.971409
-0.00163361
-0.0708367
-0.37962
-0.0048008
-0.787053
-0.0523826
-0.00250689
-1.34757e-06
-0.00878564
-0.00877082
-0.468008
-0.000603134
-7.58852e-05
-0.388857
-0.0007705
-0.0736273
-0.00180241
-0.0105888
-0.237978
-0.00467201
-0.00257801
-0.0002135
-0.696732
-0.0199036
-0.00245843
-0.269914
-0.00180915
-0.264491
-1.7001e-06
-0.145974
-0.0312542
-0.123638
-0.373451
-0.0616288
-0.118876
-0.00595529
-0.0896404
-0.00328866
-0.000333942
-0.373336
-0.900315
-0.0267731
-0.000440667
-5.84168e-05
-3.45907e-05
-0.000202739
-5.54994e-05
-0.000111254
-8.89856e-06
-0.851593
-0.0747026
-0.140179
-0.0191182
-0.0010866
-0.110189
-0.168836
-0.00702565
-0.112138
-0.41776
-0.093012
-0.00470974
-0.00070534
-0.274101
-0.0813416
-0.571167
-0.00355353
-0.0019165
-0.722838
-0.00137592
-0.145173
-0.0195523
-0.33932
-0.649475
-6.64685e-05
-0.492716
-0.00671603
-0.00197521
-1.08469e-05
-1.39575e-05
-0.0170861
-0.0286753
-0.0589917
-0.0113776
-0.157685
-0.0467763
-0.821835
-1.78509e-07
-0.00158469
-0.392913
-0.0167537
-0.00235053
-0.66664
-0.00446535
-0.525861
-0.444956
-0.000111587
-0.0130466
-0.000127317
-0.040521
-0.00574448
-0.0045485
-0.0778147
-0.00580047
-0.891328
-8.89141e-06
-0.00697776
-0.636316
-0.00108723
-0.00889196
-0.00227933
-0.954826
-0.27579
-0.118485
-0.296226
-5.76138e-07
-0.00314775
-0.0119679
-0.00671611
-0.0582542
-0.160955
-0.0394049
-1.52138e-06
-0.000438867
-0.542388
-0.000100072
-0.000728185
-0.000296836
-0.0157233
-0.0311462
-0.00740041
-0.725381
-7.01587e-10
-2.91376e-07
-2.35751e-09
-9.00234e-06
-3.92437e-06
-0.472836
-0.000390089
-0.0113281
-0.225096
-0.0281623
-0.00144669
-0.100349
-0.355853
-0.0459819
-0.000110423
-3.24153e-10
-0.599984
-0.54511
-0.249064
-0.513326
-0.0206543
-0.00416792
-0.000697473
-0.00251368
-0.0132739
-0.203721
-0.0107096
-0.0889934
-0.695122
-0.260013
-0.00287639
-0.00657762
-0.00199986
-0.0588455
-0.119401
-0.00127459
-0.207465
-0.070109
-0.217805
-0.0420364
-0.00465849
-0.000631529
-0.00590417
-0.000464568
-0.0482129
-0.151512
-7.12064e-05
-0.00214498
-0.00376812
-0.202617
-0.062594
-3.03124e-07
-8.275e-06
-0.00514848
-0.0308837
-0.00181203
-0.00121908
-0.990155
-0.986075
-0.974855
-0.502679
-0.63001
-1.14236e-06
-0.229547
-0.560522
-0.391494
-0.650752
-0.211469
-0.96656
-1.87578e-07
-0.16313
-3.13156e-06
-0.023146
-0.172612
-0.9473
-0.953148
-0.154235
-0.0070515
-0.0112651
-0.37481
-0.0211289
-8.4319e-06
-0.214457
-1.33979e-05
-3.31714e-05
-0.333696
-0.133552
-0.957707
-0.0297832
-4.35097e-05
-0.00213973
-0.093192
-0.0670055
-0.885836
-0.292448
-0.00968417
-0.523973
-0.800191
-0.083158
-0.615293
-0.000547382
-0.0103624
-0.411372
-0.00037712
-0.306873
-0.170113
-0.00391181
-0.420006
-0.047812
-0.00282954
-0.000882881
-0.741796
-0.322691
-0.434138
-0.000229906
-0.787922
-0.196551
-0.000259215
-0.0349567
-0.000196368
-0.00114263
-0.355336
-0.000325788
-0.00261865
-0.00697782
-8.74661e-05
-0.00155594
-0.00722068
-0.941992
-0.0204822
-0.576468
-0.0431686
-0.010918
-0.0316123
-1.32462e-07
-7.69944e-06
-0.000718346
-0.0252578
-0.0194461
-0.00278737
-0.000276423
-0.377184
-0.0124012
-1.76637e-06
-0.00543428
-0.0746113
-0.238518
-0.0231821
-0.367365
-8.49058e-05
-0.00234047
-0.00897221
-0.000122528
-0.000918913
-0.106817
-0.000343204
-0.00554716
-0.00140854
-0.00724656
-0.020962
-0.108034
-0.0116028
-0.000312544
-0.443893
-0.421603
-0.0230913
-0.000192177
-0.018225
-0.0186576
-0.480306
-0.207025
-0.06277
-0.0912351
-0.000502218
-0.354303
-0.00175278
-4.4346e-05
-0.282627
-0.986366
